3028 
5872 
4391 
4226 
5888 
5338 
4945 
2711 
5478 
2594 
9474 
8005 
8969 
8081 
8407 
9590 
9317 
9990 
9651 
9036 
5707 
5661 
5953 
5175 
5273 
5818 
5721 
6491 
5730 
5224 
6279 
2855 
9803 
3120 
860 
7947 
4337 
3648 
6530 
8429 
3234 
4633 
5159 
761 
7936 
7065 
9339 
4322 
3822 
7663 
3644 
7620 
519 
9120 
3779 
1519 
4619 
560 
7718 
7349 
1625 
8767 
7356 
7865 
6227 
8583 
4784 
5615 
6088 
4767 
788 
4673 
7813 
2119 
5712 
3331 
4533 
3195 
9996 
9021 
4258 
7857 
7238 
825 
832 
878 
6081 
8334 
1467 
1438 
824 
1412 
1744 
72 
1995 
340 
154 
536 
733 
51 
